0.509597
0.530504
0.155624
0.547762
0.698461
0.169909
0.470216
0.149467
0.163586
0.261784
0.015551
0.791408
0.236186
0.585235
0.919655
0.026230
0.961582
0.626526
0.366184
0.345581
0.944245
0.897851
0.826023
0.886976
0.559009
0.405223
0.257675
0.613067
0.711667
0.725497
0.935957
0.060573
0.308460
0.014745
0.861388
0.739289
0.875817
0.220095
0.684457
0.691448
0.255831
0.818025
0.293303
0.007366
0.629395
0.636291
0.484589
0.462891
0.383964
0.467694
0.837963
0.050986
0.844122
0.415620
0.378151
0.772045
0.203740
0.147487
0.021162
0.502013
0.887715
0.215909
0.835169
0.165353
0.156436
0.464486
0.840030
0.708180
0.786553
0.212731
0.230868
0.798686
0.574846
0.931652
0.101026
0.246565
0.571970
0.361045
0.141273
0.626273
0.159446
0.292109
0.606231
0.683627
0.124089
0.557488
0.881134
0.789565
0.302347
0.051987
0.154882
0.392114
0.761025
0.133992
0.279558
0.200008
0.851024
0.438478
0.492406
0.850039
0.018463
0.971451
0.763702
0.355576
0.482234
0.469422
0.706115
0.363968
0.614696
0.369438
0.258225
0.333257
0.061564
0.566504
0.893840
0.170464
0.824071
0.811900
0.902932
0.653822
0.575040
0.022281
0.984781
0.748295
0.884210
0.493730
0.687180
0.251683
0.598722
0.302713
0.234731
0.404866
0.615092
0.646575
0.384243
0.903189
0.423641
0.240438
0.311720
0.007899
0.106467
0.338364
0.328616
0.542390
0.408234
0.419900
0.318280
0.701767
0.041533
0.451396
0.648739
0.385060
0.280055
0.480802
0.614231
0.787704
0.990330
0.514344
0.716114
0.246284
0.901837
0.767314
0.490951
0.153490
0.817424
0.958260
0.959470
0.538543
0.968817
0.831298
0.508046
0.303745
0.745069
0.817321
0.874823
0.585533
0.729789
0.996778
0.821929
0.753224
0.755152
0.105516
0.054804
0.954146
0.663404
0.606669
0.404447
0.669825
0.728503
0.610700
0.550752
0.379986
0.549080
0.501280
0.527031
0.010361
0.965988
0.996805
0.759935
0.044413
0.736396
0.594788
0.561496
0.290359
0.751760
0.893325
0.097291
0.583052
0.650075
0.017379
0.338836
0.459289
0.143616
0.325616
0.407045
0.326889
0.021110
0.284284
0.186291
0.872605
0.475702
0.240562
0.039242
0.219364
0.907946
0.866423
0.264483
0.551606
0.781805
0.311650
0.247250
0.332292
0.560216
0.850967
0.191220
0.684558
0.489503
0.239916
0.748734
0.218062
0.696023
0.903462
0.410195
0.368606
0.332291
0.380851
0.318795
0.847901
0.329720
0.625518
0.422440
0.187862
0.235196
0.440688
0.887058
0.640609
0.743233
0.543588
0.999140
0.345429
0.592449
0.910972
0.439424
0.790255
0.457741
0.290084
0.725850
0.792124
0.905723
0.944975
0.891561
0.375862
0.129656
0.788223
0.831644
0.460227
0.859933
0.335338
0.130072
0.068500
0.541367
0.467995
0.836530
0.228263
0.492931
0.535034
0.758822
0.019287
0.830347
0.017275
0.941162
0.086085
0.848701
0.100452
0.547015
0.566587
0.527536
0.355599
0.294701
0.106318
0.757100
0.172124
0.552249
0.404400
0.998920
0.044588
0.899177
0.741178
0.552095
0.726652
0.010581
0.187493
0.327820
0.902182
0.126954
0.410152
0.649854
0.399975
0.773686
0.584700
0.226050
0.712689
0.759960
0.873105
0.295497
0.411165
0.892995
0.844195
0.141750
0.843336
0.754878
0.152757
0.835765
0.606835
0.357107
0.382058
0.820822
0.708384
0.548614
0.892836
0.181245
0.150188
0.902658
0.295056
0.740760
0.313111
0.391881
0.900370
0.018600
0.837097
0.698739
0.958864
0.313902
0.100342
0.248736
0.706626
0.297178
0.504222
0.851198
0.244244
0.937671
0.087597
0.023223
0.557198
0.495171
0.417530
0.613450
0.713470
0.043640
0.789867
0.806989
0.722357
0.353308
0.304004
0.025856
0.796464
0.105603
0.293078
0.872028
0.170648
0.244571
0.561109
0.964571
0.785372
0.088391
0.300587
0.071732
0.999548
0.249522
0.629546
0.851799
0.238905
0.310071
0.086227
0.382260
0.549298
0.845053
0.484852
0.384986
0.817835
0.845463
0.368757
0.141366
0.342235
0.671855
0.666266
0.397791
0.481056
0.437154
0.889961
0.824158
0.446244
0.549666
0.478835
0.201319
0.408028
0.415093
0.963977
0.145089
0.947346
0.277992
0.340598
0.518782
0.383644
0.388937
0.775349
0.712864
0.882307
0.152689
0.197181
0.657813
0.400791
0.381993
0.629364
0.670978
0.344026
0.190322
0.624752
0.506278
0.665040
0.282002
0.108311
0.661983
0.257395
0.351761
0.168681
0.059785
0.082479
0.934239
0.968860
0.288552
0.554187
0.997510
0.187978
0.187336
0.399004
0.293408
0.464204
0.497933
0.770064
0.176175
0.859267
0.508217
0.677739
0.653589
0.047673
0.959485
0.421015
0.780800
0.460783
0.462011
0.437475
0.367102
0.710809
0.623278
0.714729
0.419618
0.035414
0.515742
0.370291
0.359751
0.111472
0.019825
0.276230
0.141479
0.768761
0.596801
0.358909
0.107915
0.828938
0.550591
0.530646
0.117664
0.898045
0.279213
0.802737
0.686300
0.958199
0.446695
0.506750
0.971443
0.191665
0.481747
0.532147
0.620291
0.320855
0.904752
0.141092
0.417561
0.655822
0.307472
0.335737
0.372767
0.699897
0.528366
0.407637
0.482159
0.068054
0.149875
0.553568
0.961286
0.941048
0.725924
0.888454
0.121276
0.840259
0.002835
0.422520
0.469933
0.195064
0.329065
0.498109
0.202003
0.775129
0.166363
0.122044
0.203120
0.993687
0.145232
0.072529
0.426417
0.695256
0.088784
0.804854
0.240195
0.557016
0.602620
0.380483
0.621288
0.156501
0.484310
0.915300
0.341637
0.616474
0.791129
0.753377
0.601792
0.646798
0.566410
0.249293
0.451571
0.375864
0.861434
0.858815
0.911959
0.270373
0.293861
0.083699
0.094660
0.122367
0.389176
0.103336
0.324377
0.681543
0.201787
0.697391
0.737145
0.707549
0.829602
0.081301
0.581680
0.137830
0.537347
0.511038
0.921702
0.517796
0.509149
0.301845
0.371266
0.724313
0.914224
0.226411
0.494959
0.249948
0.500324
0.066123
0.682922
0.957544
0.425482
0.852276
0.101988
0.658061
0.991204
0.444662
0.943295
0.935522
0.590679
0.508888
0.095893
0.410200
0.090085
0.678220
0.680276
0.993276
0.104346
0.452942
0.215623
0.817471
0.070909
0.569297
0.431108
0.871723
0.666752
0.107425
0.139448
0.358860
0.993948
0.002540
0.672844
0.779981
0.841367
0.983525
0.343926
0.263818
0.063129
0.429040
0.337934
0.516024
0.681375
0.767329
0.141075
0.050355
0.163270
0.809246
0.048711
0.613305
0.822150
0.947069
0.397826
0.580912
0.044002
0.955192
0.310714
0.386621
0.094666
0.812911
0.280140
0.370764
0.916162
0.279525
0.769238
0.854951
0.489661
0.757464
0.012907
0.348442
0.348328
0.438844
0.774850
0.651131
0.979415
0.105258
0.327309
0.702966
0.656032
0.208343
0.875321
0.016658
0.865314
0.252469
0.112498
0.935129
0.904544
0.119868
0.199439
0.548912
0.235041
0.438409
0.130191
0.805820
0.123866
0.211493
0.077457
0.364169
0.002272
0.820991
0.217548
0.575597
0.130095
0.801487
0.466463
0.508387
0.004568
0.263854
0.088172
0.920983
0.083837
0.211224
0.360626
0.104064
0.192031
0.477669
0.681177
0.531671
0.748730
0.140805
0.683558
0.916697
0.595989
0.822885
0.250224
0.896198
0.876343
0.495355
0.682815
0.599867
0.524475
0.284425
0.130801
0.016924
0.149256
0.094723
0.806921
0.520939
0.191971
0.087070
0.087693
0.776257
0.090690
0.201005
0.871031
0.648352
0.878408
0.601159
0.748874
0.888739
0.775811
0.730943
0.994883
0.985642
0.595706
0.629050
0.055980
0.647435
0.676918
0.920176
0.649312
0.943456
0.501305
0.536928
0.162698
0.148309
0.409130
0.521242
0.131133
0.590868
0.579596
0.410238
