335.891876
324.478546
323.945496
336.188995
324.567505
335.399139
336.664124
326.210632
329.450287
330.233826
328.312317
322.178284
320.770172
330.300690
324.632721
334.753113
328.585052
331.134674
322.344116
323.485779
321.292908
330.309814
328.289246
320.946350
339.792175
322.975189
331.491180
323.932648
329.877197
323.966034
332.626434
335.034546
337.950775
333.742004
333.492889
327.206543
336.112671
332.742798
334.036804
322.141418
324.869324
321.933441
330.270111
328.621857
320.099396
334.657257
331.307037
333.937286
335.860992
329.552734
324.907043
324.139648
334.275604
325.421600
330.571594
322.141357
332.679626
331.801392
329.940857
323.097046
333.011139
322.766083
327.446075
333.575989
324.382690
332.660950
339.888000
330.309448
333.683044
322.475983
323.294067
339.695526
328.692169
338.923462
331.920166
328.673309
339.774811
329.249481
328.142792
330.527954
325.954193
321.815186
339.989502
320.005768
327.855682
337.927155
327.099152
327.123474
329.119598
334.424347
328.067474
325.971039
334.537048
335.063171
338.045959
335.205292
328.780060
329.842346
329.145111
322.442108
332.329895
328.150543
337.991943
335.220337
321.320984
328.151276
332.742310
337.230743
329.342804
329.959198
337.885071
331.388916
322.184967
335.434692
331.079376
328.330872
338.246063
322.838287
331.755463
323.349518
327.703308
322.464874
325.623108
327.725006
331.989532
322.354675
322.848694
336.539734
334.974884
336.363739
329.851257
329.463531
321.176025
324.335327
330.360474
326.007935
339.185669
338.509399
328.168427
339.774658
323.918579
330.032593
335.872925
331.800934
338.546753
336.902069
332.859314
336.495331
338.667450
326.966858
328.515533
327.091675
321.447601
332.509949
331.835480
329.774017
334.413940
322.521362
326.378906
321.134674
322.486969
333.323669
324.402344
329.381622
330.649689
332.097717
329.323273
326.866394
324.790497
320.386902
331.660950
332.380035
329.967499
336.361786
329.223663
321.272095
335.533203
327.056946
324.414795
323.005341
332.787048
334.229675
334.292450
332.881165
320.472412
335.708893
323.428986
338.208282
322.990326
329.742920
332.066528
323.924652
325.610809
327.535278
327.420166
325.090088
325.643677
322.317535
320.415833
339.019043
328.466766
333.021637
322.816864
325.292267
325.799988
338.021179
326.050232
325.466217
332.927429
321.686646
323.542114
320.554810
326.096466
329.121887
338.071014
327.400574
322.868835
338.433533
331.652130
331.492859
338.761017
335.318604
331.459869
336.472290
333.786346
324.734863
324.935638
326.514221
328.161987
337.544434
323.777008
332.770782
325.367218
332.331543
334.930145
334.471436
333.338440
338.502380
330.574890
329.185608
333.133606
321.689667
339.210144
329.101379
323.839996
333.605103
331.590820
334.262878
337.580231
333.977356
330.418793
326.201508
338.238861
328.555542
339.678589
333.174988
331.661621
330.881439
323.068573
338.243866
326.628632
334.525604
338.224884
335.177460
335.382874
328.315491
337.603638
329.558929
339.220917
324.656250
335.855621
331.711700
332.695892
338.389008
322.575928
322.673035
328.481873
327.423981
325.987122
322.511871
331.756256
327.171692
325.344330
325.202393
334.845062
323.464752
327.689850
338.217926
337.769562
336.150208
333.239838
329.550049
336.021912
328.428436
339.575470
323.379028
321.767639
320.691620
327.281311
331.677246
335.752625
332.827057
330.318420
323.828217
327.651947
328.433502
338.801666
322.613434
334.957581
336.832581
321.982208
325.864777
330.762329
330.861847
332.450409
320.170013
337.681061
331.645508
324.042053
336.087494
335.452148
332.585754
322.504547
329.077332
326.241089
331.995148
326.121552
331.973145
324.416321
334.927551
325.374054
325.069763
328.094635
331.054626
332.189026
323.830688
331.663147
321.894928
331.615631
331.629761
336.882202
326.080017
321.484802
339.887665
320.888153
322.767853
329.912781
329.317352
324.552917
330.144104
327.514130
324.383087
330.391205
333.344940
337.250305
339.863556
328.599609
337.136292
323.996735
335.985565
331.839172
331.147095
326.591034
339.759338
320.836456
327.885895
323.878204
327.527863
338.547028
336.276245
325.847504
329.929871
322.083344
324.531555
324.090118
330.964966
339.270538
337.681213
322.576508
337.005524
327.343994
331.763550
337.160400
325.491577
320.164215
331.504791
337.907593
320.458862
328.500793
326.071014
325.507568
328.520203
339.148041
330.639648
323.641968
325.137512
332.536621
322.208130
336.192474
325.404480
329.467529
322.368439
338.343903
327.366089
327.817749
339.435608
330.473083
338.103424
334.157227
331.345673
336.388275
328.785187
333.384216
338.621918
338.693024
325.933411
320.935638
335.535675
331.129150
326.124237
336.338867
332.272247
333.515656
336.433075
339.118713
325.472107
324.261902
324.431885
325.250580
327.222839
327.080170
332.104187
321.458099
327.295349
330.541626
331.534180
338.979401
333.692474
334.182068
320.167938
337.904297
328.807800
339.897308
339.812378
336.293457
329.091522
320.191467
331.389435
328.835571
334.236847
332.104340
326.257721
329.577484
323.578796
330.075775
337.060364
329.386780
330.146301
339.107819
334.431976
336.993866
338.774902
324.719208
338.834930
328.849121
332.931976
338.842834
332.037201
339.139893
332.179840
339.362732
337.195740
335.108368
338.033569
337.300720
329.617462
335.989075
331.479919
338.556702
334.263062
323.386627
328.359283
326.384705
330.649719
336.012512
334.740265
332.069794
324.124725
339.278046
321.394348
334.623840
330.873352
339.404175
331.321198
332.668121
325.366730
332.779266
338.284180
334.122498
324.688599
331.763489
325.510223
331.364868
331.011475
331.793243
327.221710
323.417633
337.030029
320.448334
320.782715
333.935486
329.171173
339.875458
325.878723
336.389252
324.132935
329.996185
331.986023
339.278107
332.004028
335.403320
337.488464
337.320770
321.642792
322.869690
330.885529
328.574951
323.519928
327.512024
322.448364
339.965973
332.054016
336.224457
331.323242
327.037567
326.573944
322.552979
321.261841
338.580872
337.642822
325.330170
338.255768
328.585052
322.355530
331.174347
339.998383
331.385193
321.102509
336.092468
323.112244
335.753021
325.570892
333.748596
338.179749
329.737366
333.780060
324.350922
328.972656
333.811523
329.033051
336.132080
336.126190
321.083832
335.126953
329.654449
320.306305
327.925385
323.713470
332.709961
334.003448
337.715790
337.514862
339.819336
335.002686
337.815735
338.616730
333.067169
321.465118
331.971588
331.327271
334.831238
327.033478
337.510803
324.430573
332.640137
332.668091
326.217560
332.422638
336.670502
339.667755
331.461060
328.434082
333.027374
338.679199
326.491241
326.624969
321.640076
324.079071
324.405365
329.371643
326.943665
327.401428
332.222717
339.198120
327.249390
323.379486
337.150391
323.238647
321.712769
335.176727
331.924316
329.526459
335.460144
332.715271
322.115143
336.911041
324.126678
322.220062
324.136536
325.242676
320.284088
330.096375
320.435730
327.612244
335.252869
330.352509
324.590668
320.741608
333.484467
339.916321
335.543823
324.658447
321.139801
336.019928
328.296692
336.662292
329.884735
326.015259
320.093719
332.468994
336.416443
322.523804
322.700439
321.057892
336.722290
331.784546
337.801575
331.936615
323.321533
324.217743
329.219086
320.199036
327.638702
329.424316
339.841766
323.079010
324.714813
337.265320
328.868195
323.600189
339.297455
337.856598
331.827759
336.040405
337.749725
326.767517
321.138184
326.072693
333.180847
336.509308
337.390320
329.280853
325.191101
329.520447
324.869415
339.649811
328.505402
321.265869
327.299652
335.482452
337.564423
332.018219
329.216522
327.479462
333.587891
335.419983
323.577087
333.083374
331.246979
322.827515
335.724457
320.283264
339.983734
324.563019
338.855408
332.332764
322.295410
335.122406
322.441864
333.909302
326.590668
327.007965
334.030090
338.935944
322.695190
321.393463
324.240753
322.649506
323.225861
331.507874
327.257965
338.501129
328.191589
321.065308
336.225433
326.663177
324.303864
332.983856
333.762512
323.611023
333.683197
334.877350
326.681213
322.148438
324.739380
331.988403
337.496918
321.550720
324.113037
336.321930
337.590607
323.154572
336.656250
320.228394
328.058197
326.876495
328.843903
339.665344
339.280731
325.432220
335.470123
336.017456
327.910126
338.655548
320.184174
332.361664
337.962585
339.669250
331.654633
325.037628
323.737091
321.454254
333.667969
328.106140
322.933411
336.968781
330.958984
331.370544
330.554382
330.892303
325.003571
328.513336
338.770172
337.585022
328.080261
330.137665
334.536774
324.398346
